6.389583333333332860e+01 2.879472222222222300e+01
6.492083333333333428e+01 2.726861111111110958e+01
6.508749999999999147e+01 2.823027777777777914e+01
6.510416666666667140e+01 2.832305555555555543e+01
6.556250000000000000e+01 2.695166666666666799e+01
6.558333333333332860e+01 2.671333333333333471e+01
6.738333333333332575e+01 2.451638888888889056e+01
6.899583333333333712e+01 2.264138888888889056e+01
6.977083333333332860e+01 2.362916666666666643e+01
7.034999999999999432e+01 2.573138888888889042e+01
6.347083333333333144e+01 2.818972222222222257e+01
6.347499999999999432e+01 2.819222222222222385e+01
6.354999999999999716e+01 2.814361111111110958e+01
6.360833333333333428e+01 2.810083333333333400e+01
6.362499999999999289e+01 2.808722222222222342e+01
6.463333333333333997e+01 2.852083333333333215e+01
6.464166666666667993e+01 2.850833333333333286e+01
6.466666666666665719e+01 2.832083333333333286e+01
6.467083333333333428e+01 2.845694444444444571e+01
6.468750000000000000e+01 2.834777777777777885e+01
6.471250000000000568e+01 2.834055555555555728e+01
6.474166666666666003e+01 2.820638888888888829e+01
6.492499999999999716e+01 2.722666666666666657e+01
6.499166666666666003e+01 2.716583333333333172e+01
6.527916666666666856e+01 2.703888888888888786e+01
6.529166666666667140e+01 2.702694444444444599e+01
6.529583333333333428e+01 2.701916666666666700e+01
6.550000000000000000e+01 2.695888888888888957e+01
6.550833333333332575e+01 2.695833333333333215e+01
6.577916666666666856e+01 2.809916666666666529e+01
6.673333333333333428e+01 2.472638888888888786e+01
6.675833333333333997e+01 2.609166666666666501e+01
6.698749999999999716e+01 2.632166666666666544e+01
6.715833333333333144e+01 2.685972222222222072e+01
6.726666666666666572e+01 2.681861111111111029e+01
6.734583333333333144e+01 2.455000000000000071e+01
6.737500000000000000e+01 2.466527777777777786e+01
6.771249999999999147e+01 2.469638888888889028e+01
6.806250000000000000e+01 2.448305555555555557e+01
6.813333333333332575e+01 2.295722222222222086e+01
6.830833333333332291e+01 2.623972222222222328e+01
6.831666666666666288e+01 2.288888888888888928e+01
6.889583333333334281e+01 2.413861111111111057e+01
6.955833333333333712e+01 2.619416666666666771e+01
6.964583333333334281e+01 2.617805555555555586e+01
6.980416666666667425e+01 2.588888888888888928e+01
6.989583333333332860e+01 2.569555555555555415e+01
6.997083333333333144e+01 2.605249999999999844e+01
6.997916666666667140e+01 2.575055555555555387e+01
7.028333333333333144e+01 2.593527777777777743e+01
7.029999999999999716e+01 2.577638888888888857e+01
7.040833333333333144e+01 2.594055555555555515e+01
