2.711854166666666970e+02 -4.618333333333333179e+00
2.713795833333333007e+02 -4.635833333333333250e+00
2.726204166666666424e+02 -2.628333333333333410e+00
2.762970833333333189e+02 -2.981388888888888644e+00
2.763054166666666447e+02 -2.998333333333333073e+00
2.766366666666666561e+02 -3.774166666666666892e+00
2.767637500000000159e+02 -2.759166666666666767e+00
2.769029166666666697e+02 -3.834444444444444322e+00
2.769587500000000091e+02 -3.820277777777777661e+00
2.769779166666667152e+02 -3.710555555555555607e+00
2.770224999999999795e+02 -3.783055555555555394e+00
2.771987500000000182e+02 -1.635277777777777830e+00
2.771987500000000182e+02 -1.637222222222222356e+00
2.772283333333333530e+02 -1.624166666666666758e+00
2.772325000000000159e+02 -1.626111111111111285e+00
2.772325000000000159e+02 -1.720277777777777795e+00
2.772379166666667061e+02 -1.620833333333333348e+00
2.772404166666666470e+02 -1.708333333333333481e+00
2.772429166666666447e+02 -1.642777777777777892e+00
2.772574999999999932e+02 -1.650555555555555554e+00
2.772720833333333417e+02 -1.698888888888888893e+00
2.772725000000000364e+02 -3.712499999999999911e+00
2.772745833333333394e+02 -1.506944444444444420e+00
2.772833333333333599e+02 -2.039166666666666572e+00
2.772837499999999977e+02 -2.093888888888888911e+00
2.772962499999999864e+02 -2.075000000000000178e+00
2.773033333333333417e+02 -2.063888888888889106e+00
2.773041666666666742e+02 -1.771388888888888902e+00
2.773191666666666606e+02 -2.060833333333333517e+00
2.773199999999999932e+02 -1.291666666666666741e+00
2.773370833333333394e+02 -1.620555555555555527e+00
2.773475000000000250e+02 -1.648611111111111027e+00
2.773545833333333235e+02 -1.793611111111111267e+00
2.774025000000000318e+02 -1.849722222222222268e+00
2.774058333333333053e+02 -3.248055555555555696e+00
2.774087499999999977e+02 -1.850000000000000089e+00
2.774108333333333007e+02 -1.850000000000000089e+00
2.774129166666666606e+02 -1.839166666666666838e+00
2.774174999999999613e+02 -1.675555555555555465e+00
2.774245833333333735e+02 -1.836388888888888848e+00
2.774304166666667015e+02 -1.947500000000000009e+00
2.774329166666666424e+02 -2.215277777777777679e+00
2.774412500000000250e+02 -1.553333333333333233e+00
2.774458333333333258e+02 -1.929999999999999938e+00
2.774470833333333530e+02 -1.934166666666666590e+00
2.774670833333333348e+02 -1.959999999999999964e+00
2.774679166666666674e+02 -1.962499999999999911e+00
2.774737499999999955e+02 -1.962777777777777732e+00
2.774762499999999932e+02 -1.973055555555555562e+00
2.774912499999999795e+02 -2.017500000000000071e+00
2.774929166666667015e+02 -1.961111111111111027e+00
2.774954166666666424e+02 -2.023611111111111249e+00
2.774958333333333371e+02 -2.032500000000000195e+00
2.774975000000000023e+02 -2.018333333333333535e+00
2.775000000000000000e+02 -1.954166666666666607e+00
2.775008333333333326e+02 -2.014444444444444482e+00
2.775020833333333030e+02 -2.036388888888888804e+00
2.775024999999999977e+02 -2.034444444444444500e+00
2.775041666666666629e+02 -2.102222222222222214e+00
2.775049999999999955e+02 -2.029999999999999805e+00
2.775054166666666902e+02 -2.061666666666666536e+00
2.775091666666667152e+02 -2.033055555555555394e+00
2.775099999999999909e+02 -2.049166666666666803e+00
2.775112500000000182e+02 -2.049722222222222001e+00
2.775116666666666561e+02 -2.044444444444444287e+00
2.775116666666666561e+02 -2.039444444444444393e+00
2.775120833333333508e+02 -2.025833333333333375e+00
2.775124999999999886e+02 -1.608888888888888813e+00
2.775129166666666265e+02 -2.042777777777777803e+00
2.775133333333333212e+02 -2.057222222222222285e+00
2.775137499999999591e+02 -2.045833333333333393e+00
2.775179166666666788e+02 -2.027222222222222037e+00
2.775183333333333167e+02 -2.070833333333333304e+00
2.775195833333332871e+02 -2.040833333333333499e+00
2.775204166666666765e+02 -2.028333333333333321e+00
2.775212500000000091e+02 -2.028055555555555500e+00
2.775216666666666470e+02 -2.035000000000000142e+00
2.775216666666666470e+02 -2.042777777777777803e+00
2.775216666666666470e+02 -2.056944444444444464e+00
2.775229166666666742e+02 -2.018611111111110912e+00
2.775241666666666447e+02 -2.028888888888888964e+00
2.775258333333333667e+02 -2.051111111111111107e+00
2.775279166666666697e+02 -2.060277777777777874e+00
2.775362499999999955e+02 -2.102777777777777857e+00
2.775450000000000159e+02 -2.064999999999999947e+00
2.775470833333333189e+02 -2.115555555555555411e+00
2.775650000000000546e+02 -2.121944444444444411e+00
2.775650000000000546e+02 -1.843055555555555447e+00
2.775674999999999955e+02 -1.881111111111111178e+00
2.775691666666666606e+02 -2.493333333333333179e+00
2.775708333333333826e+02 -2.166111111111111320e+00
2.775724999999999909e+02 -2.166111111111111320e+00
2.775883333333333667e+02 -2.186666666666666536e+00
2.775908333333333076e+02 -1.866666666666666696e+00
2.776004166666666606e+02 -2.174722222222222001e+00
2.776020833333333258e+02 -1.902777777777777679e+00
2.776070833333333212e+02 -2.187500000000000000e+00
2.776075000000000159e+02 -2.178333333333333233e+00
2.776079166666666538e+02 -2.194999999999999840e+00
2.776116666666666788e+02 -1.890833333333333366e+00
2.776129166666666492e+02 -2.182222222222222285e+00
2.776133333333333439e+02 -2.183333333333333126e+00
2.776145833333333144e+02 -1.910833333333333162e+00
2.776216666666666697e+02 -1.945000000000000062e+00
2.776320833333332985e+02 -1.936944444444444358e+00
2.776349999999999909e+02 -3.833611111111110858e+00
2.776512500000000045e+02 -3.100277777777777910e+00
2.776562500000000000e+02 -2.148055555555555607e+00
2.776566666666666947e+02 -2.144444444444444375e+00
2.776595833333333303e+02 -2.145277777777777839e+00
2.776954166666666879e+02 -1.947500000000000009e+00
2.776954166666666879e+02 -1.945833333333333304e+00
2.777029166666666811e+02 -1.933611111111110947e+00
2.777612499999999613e+02 -2.166388888888888697e+00
2.777958333333332916e+02 -2.100000000000000089e+00
2.778308333333333735e+02 -2.127499999999999947e+00
2.778770833333333599e+02 -2.015277777777777946e+00
2.778908333333333189e+02 -2.208055555555555660e+00
2.778937500000000114e+02 -2.253333333333333410e+00
2.778995833333333394e+02 -2.225000000000000089e+00
2.779004166666666720e+02 -2.246666666666666590e+00
2.779183333333333508e+02 -2.137222222222222356e+00
2.779670833333333348e+02 -2.023888888888889070e+00
2.779683333333333621e+02 -2.008611111111111125e+00
2.780062500000000227e+02 -2.637222222222222356e+00
2.780545833333333121e+02 -1.958333333333333481e+00
2.780629166666666947e+02 -2.581388888888888733e+00
2.780662499999999682e+02 -2.578611111111110965e+00
2.781558333333333053e+02 -2.845833333333333215e+00
2.781899999999999977e+02 -2.782500000000000195e+00
2.782641666666666538e+02 -2.145000000000000018e+00
2.783487499999999955e+02 6.783333333333333437e-01
2.783504166666666606e+02 6.766666666666666385e-01
2.783724999999999454e+02 -2.766111111111110965e+00
2.790987499999999955e+02 2.466666666666666730e-01
2.793758333333333326e+02 1.183333333333333320e-01
2.793758333333333326e+02 1.197222222222222299e-01
2.793795833333333576e+02 1.183333333333333320e-01
2.794133333333333553e+02 4.263888888888888729e-01
2.794449999999999932e+02 3.194444444444444198e-02
2.794820833333333212e+02 3.919444444444444287e-01
2.797320833333333212e+02 3.944444444444444864e-01
2.797450000000000045e+02 5.524999999999999911e-01
2.797554166666666333e+02 5.041666666666666519e-01
2.797895833333333258e+02 2.316666666666666596e-01
2.797904166666667152e+02 5.458333333333332815e-01
2.798741666666666674e+02 6.277777777777777679e-01
2.800733333333333803e+02 2.702777777777777279e-01
6.035208333333332575e+01 4.103027777777777629e+01
6.251083333333333059e+01 4.004666666666666686e+01
6.253499999999999659e+01 4.003999999999999915e+01
6.254624999999999346e+01 4.002388888888889085e+01
6.493583333333333485e+01 3.818944444444444741e+01
6.542000000000000171e+01 3.756638888888888772e+01
6.640999999999999659e+01 3.711694444444444230e+01
6.641541666666667254e+01 3.711888888888888971e+01
6.706291666666666629e+01 3.650777777777777544e+01
6.714583333333332860e+01 3.641833333333333655e+01
6.716041666666666288e+01 3.642444444444444684e+01
6.718166666666667197e+01 3.647749999999999915e+01
6.718500000000000227e+01 3.641250000000000142e+01
6.720624999999999716e+01 3.648611111111111427e+01
6.723041666666667027e+01 3.652277777777777601e+01
6.741666666666667140e+01 3.535222222222222399e+01
6.745499999999999829e+01 3.523944444444444457e+01
6.746249999999999147e+01 3.526305555555555316e+01
6.747541666666667481e+01 3.517249999999999943e+01
6.748416666666666686e+01 3.529500000000000171e+01
6.751500000000000057e+01 3.523888888888888715e+01
6.753416666666666401e+01 3.523611111111111427e+01
6.753958333333332575e+01 3.524444444444444713e+01
6.756208333333333371e+01 3.600222222222222257e+01
6.758125000000001137e+01 3.513916666666666799e+01
6.759916666666666174e+01 3.535333333333333172e+01
6.760250000000000625e+01 3.575555555555555287e+01
6.761416666666666231e+01 3.515472222222221887e+01
6.761541666666667538e+01 3.577083333333333570e+01
6.761666666666667425e+01 3.515444444444444372e+01
6.762708333333333144e+01 3.586222222222222200e+01
6.763124999999999432e+01 3.575361111111111256e+01
6.765333333333333599e+01 3.590999999999999659e+01
6.765749999999999886e+01 3.585027777777777658e+01
6.766083333333332916e+01 3.591083333333333627e+01
6.767125000000000057e+01 3.549472222222222229e+01
6.768416666666665549e+01 3.599750000000000227e+01
6.769249999999999545e+01 3.498222222222221944e+01
6.770208333333333428e+01 3.563138888888888545e+01
6.770499999999999829e+01 3.493611111111111001e+01
6.772291666666666288e+01 3.494083333333333030e+01
6.773291666666666799e+01 3.494638888888889028e+01
6.773583333333333201e+01 3.550111111111110773e+01
3.089429166666666333e+02 6.788388888888889028e+01
3.090483333333333462e+02 6.795250000000000057e+01
3.099291666666666742e+02 6.714166666666666572e+01
3.102362500000000409e+02 6.738472222222222285e+01
3.142779166666666697e+02 7.761555555555555941e+01
3.142829166666666652e+02 7.761638888888889198e+01
3.143041666666666742e+02 7.759527777777778113e+01
3.150862500000000068e+02 6.822111111111111370e+01
3.150920833333333348e+02 6.821611111111110404e+01
3.153866666666666561e+02 6.818888888888888289e+01
3.154329166666666993e+02 6.823416666666666686e+01
3.155587500000000318e+02 6.812500000000000000e+01
3.155883333333333098e+02 6.790555555555555145e+01
3.157479166666666401e+02 6.810888888888888459e+01
3.370125000000000455e+02 6.902111111111111086e+01
3.370308333333333621e+02 6.901055555555555543e+01
3.373887499999999591e+02 7.522111111111111370e+01
3.374975000000000023e+02 7.523416666666666686e+01
3.376324999999999932e+02 7.523583333333333201e+01
3.388087500000000318e+02 7.525055555555555031e+01
3.388608333333333462e+02 7.527666666666667084e+01
3.390233333333333690e+02 7.530888888888888744e+01
3.396783333333333417e+02 7.519333333333332803e+01
3.396954166666666879e+02 7.519249999999999545e+01
3.397208333333333030e+02 7.518972222222221546e+01
3.398054166666666447e+02 7.520416666666666572e+01
3.097758333333333098e+02 6.803749999999999432e+01
3.388475000000000250e+02 7.528527777777777885e+01
3.261791666666666174e+02 4.777861111111111114e+01
3.262012499999999591e+02 4.774972222222222484e+01
3.262154166666666697e+02 4.767888888888889198e+01
3.262166666666666401e+02 4.767499999999999716e+01
3.262245833333333280e+02 4.776194444444444542e+01
3.262375000000000114e+02 4.769777777777778027e+01
3.262608333333333235e+02 4.755194444444444457e+01
3.262845833333333303e+02 4.755138888888888715e+01
3.263658333333332848e+02 4.776388888888888573e+01
3.263799999999999955e+02 4.760583333333333655e+01
3.264937499999999773e+02 4.760027777777777658e+01
3.267624999999999886e+02 4.755388888888889198e+01
3.267749999999999773e+02 4.766083333333333627e+01
3.268383333333333098e+02 4.754055555555555657e+01
3.268441666666666379e+02 4.753472222222222143e+01
3.268445833333333326e+02 4.753722222222221916e+01
3.268695833333333667e+02 4.753805555555555884e+01
3.269816666666666833e+02 4.761972222222222229e+01
3.269966666666666697e+02 4.760722222222221944e+01
3.280595833333333076e+02 4.724833333333333485e+01
3.281570833333333326e+02 4.724388888888888971e+01
3.282787500000000023e+02 4.724277777777777487e+01
3.283541666666666856e+02 4.727277777777777601e+01
3.283679166666666447e+02 4.726194444444444542e+01
3.283691666666666720e+02 4.726416666666666799e+01
3.283766666666666652e+02 4.721944444444444144e+01
3.283808333333333280e+02 4.737138888888888744e+01
3.283874999999999886e+02 4.724416666666666487e+01
3.283879166666666833e+02 4.723833333333333684e+01
3.283912500000000136e+02 4.728999999999999915e+01
3.283945833333333439e+02 4.734555555555555628e+01
3.284012500000000045e+02 4.731750000000000256e+01
3.284041666666666401e+02 4.730472222222222456e+01
3.284095833333333303e+02 4.732638888888888573e+01
3.284250000000000114e+02 4.724055555555555230e+01
3.284570833333333439e+02 4.723083333333333655e+01
3.284820833333333212e+02 4.734166666666666856e+01
3.284920833333333121e+02 4.724583333333333002e+01
1.848162500000000250e+02 -7.230694444444444002e+01
2.454112499999999955e+02 -2.289111111111111185e+01
2.454379166666666663e+02 -2.370861111111111086e+01
2.455870833333333110e+02 -2.306722222222222385e+01
2.457724999999999795e+02 -2.304888888888888943e+01
2.457783333333333360e+02 -2.296000000000000085e+01
2.458841666666666583e+02 -2.443138888888888971e+01
2.459166666666666856e+02 -2.356027777777777743e+01
2.463645833333333428e+02 -2.461305555555555458e+01
2.464441666666666606e+02 -2.439333333333333442e+01
2.465716666666666868e+02 -2.439583333333333215e+01
2.465787500000000136e+02 -2.440388888888888985e+01
2.465887500000000045e+02 -2.438444444444444414e+01
2.465924999999999727e+02 -2.440194444444444599e+01
2.465979166666666629e+02 -2.441083333333333272e+01
2.466058333333333508e+02 -2.438361111111111157e+01
2.466066666666666833e+02 -2.440777777777777757e+01
2.466079166666666538e+02 -2.439444444444444571e+01
2.466683333333333508e+02 -2.445388888888889056e+01
2.466837499999999750e+02 -2.457999999999999829e+01
2.467016666666666822e+02 -2.447722222222222399e+01
2.467162500000000023e+02 -2.451083333333333414e+01
2.467224999999999682e+02 -2.454333333333333300e+01
2.467258333333333269e+02 -2.441027777777777885e+01
2.467462500000000318e+02 -2.458416666666666828e+01
2.467595833333333530e+02 -2.462416666666666742e+01
2.467620833333333223e+02 -2.443722222222222129e+01
2.467670833333333178e+02 -2.447472222222222271e+01
2.467716666666666754e+02 -2.460805555555555557e+01
2.467779166666666697e+02 -2.463722222222222058e+01
2.467891666666666595e+02 -2.462166666666666615e+01
2.467962499999999864e+02 -2.467944444444444585e+01
2.468100000000000023e+02 -2.444583333333333286e+01
2.468145833333333599e+02 -2.451472222222222186e+01
2.468158333333333303e+02 -2.442027777777777686e+01
2.468179166666666617e+02 -2.452055555555555699e+01
2.468229166666666572e+02 -2.448222222222222300e+01
2.468262500000000159e+02 -2.465388888888888985e+01
2.468299999999999841e+02 -2.447861111111111043e+01
2.468391666666666708e+02 -2.469527777777777899e+01
2.468404166666666697e+02 -2.449805555555555614e+01
2.468408333333333076e+02 -2.445749999999999957e+01
2.468520833333333258e+02 -2.468416666666666615e+01
2.468591666666666811e+02 -2.471277777777777729e+01
2.468620833333333167e+02 -2.468055555555555713e+01
2.468662500000000080e+02 -2.465916666666666757e+01
2.468683333333333394e+02 -2.445583333333333442e+01
2.468754166666666379e+02 -2.446194444444444471e+01
2.468787499999999966e+02 -2.445916666666666828e+01
2.469050000000000296e+02 -2.471027777777777601e+01
2.469120833333333280e+02 -2.467222222222222072e+01
2.469158333333333530e+02 -2.472083333333333499e+01
2.469233333333333462e+02 -2.477888888888888985e+01
2.469237500000000125e+02 -2.472666666666666657e+01
2.469404166666666640e+02 -2.474805555555555614e+01
2.469508333333333496e+02 -2.470694444444444571e+01
2.469654166666666413e+02 -2.452916666666666501e+01
2.470899999999999750e+02 -2.460638888888889042e+01
2.472408333333333417e+02 -2.468166666666666487e+01
2.478716666666666697e+02 -2.407527777777777800e+01
2.478925000000000409e+02 -2.405694444444444358e+01
2.478983333333333690e+02 -2.402472222222222342e+01
2.479029166666666413e+02 -2.407194444444444414e+01
2.479320833333333667e+02 -2.492333333333333201e+01
2.479666666666666970e+02 -2.495722222222222086e+01
2.479683333333333337e+02 -2.492666666666666586e+01
2.480037499999999966e+02 -2.494500000000000028e+01
2.480941666666666663e+02 -2.447527777777777658e+01
2.511008333333333553e+02 -2.402333333333333343e+01
2.513608333333333462e+02 -2.405138888888888715e+01
5.133124999999999716e+01 3.057333333333333414e+01
5.134291666666666742e+01 3.075361111111111256e+01
5.140083333333333115e+01 3.075416666666666643e+01
5.140166666666666373e+01 3.075611111111111029e+01
5.141166666666666174e+01 3.073499999999999943e+01
5.141291666666666771e+01 3.073277777777777686e+01
5.165583333333333371e+01 3.025777777777777899e+01
5.191166666666666885e+01 3.021583333333333243e+01
5.191250000000000142e+01 3.021750000000000114e+01
5.192999999999999261e+01 3.020777777777777828e+01
5.194833333333333059e+01 3.020111111111111057e+01
5.200125000000000597e+01 3.013361111111111157e+01
5.213541666666667140e+01 3.118472222222222356e+01
5.214333333333333798e+01 3.101416666666666799e+01
5.214374999999999716e+01 3.111805555555555713e+01
5.214541666666666941e+01 3.091499999999999915e+01
5.214583333333332860e+01 3.033583333333333343e+01
5.215416666666666856e+01 3.122500000000000142e+01
5.216124999999999545e+01 3.130166666666666586e+01
5.216291666666666060e+01 3.110027777777777658e+01
5.216541666666666544e+01 3.129194444444444301e+01
5.216916666666666202e+01 3.129888888888888943e+01
5.217999999999999972e+01 3.129222222222222172e+01
5.218874999999999886e+01 3.109472222222222371e+01
5.220291666666666686e+01 3.126888888888888829e+01
5.221333333333333115e+01 3.129416666666666558e+01
5.223124999999999574e+01 3.124333333333333229e+01
5.223583333333333201e+01 3.112694444444444386e+01
5.223875000000000313e+01 3.123750000000000071e+01
5.224333333333333229e+01 3.137138888888888744e+01
5.224666666666666259e+01 3.134222222222222243e+01
5.224708333333333599e+01 3.126333333333333186e+01
5.225208333333333144e+01 3.119999999999999929e+01
5.225625000000000142e+01 3.133888888888888857e+01
5.225749999999999318e+01 3.128138888888888758e+01
5.226374999999999460e+01 3.138722222222222058e+01
5.226541666666666686e+01 3.126749999999999829e+01
5.226666666666667282e+01 3.124611111111111228e+01
5.227041666666666941e+01 3.134388888888888758e+01
5.227499999999999858e+01 3.051083333333333414e+01
5.228208333333333258e+01 3.136583333333333456e+01
5.228708333333332803e+01 3.138222222222222157e+01
5.228791666666666771e+01 3.135777777777777686e+01
5.229333333333332945e+01 3.122527777777777658e+01
5.229416666666666202e+01 3.122777777777777786e+01
5.229416666666666202e+01 3.130555555555555713e+01
5.229541666666666799e+01 3.130722222222222229e+01
5.229666666666666686e+01 3.130861111111111228e+01
5.229916666666667169e+01 3.135750000000000171e+01
5.230000000000000426e+01 3.121805555555555500e+01
5.230000000000000426e+01 3.121694444444444372e+01
5.230375000000000085e+01 3.130388888888888843e+01
5.230625000000000568e+01 3.123277777777777686e+01
5.232124999999999915e+01 3.146277777777777729e+01
5.232291666666666430e+01 3.146333333333333471e+01
5.232583333333332831e+01 3.138861111111111057e+01
5.232750000000000057e+01 3.133805555555555600e+01
5.233333333333333570e+01 3.140194444444444599e+01
5.233500000000000085e+01 3.130944444444444485e+01
5.234749999999999659e+01 3.155805555555555486e+01
5.235000000000000142e+01 3.133249999999999957e+01
5.246583333333333599e+01 3.165166666666666728e+01
5.256291666666666629e+01 3.039694444444444343e+01
5.259333333333333371e+01 3.154444444444444429e+01
5.261291666666666345e+01 3.047472222222222271e+01
5.263583333333333059e+01 3.044055555555555515e+01
5.265916666666667112e+01 3.053638888888889014e+01
5.281125000000000114e+01 3.083194444444444571e+01
5.283708333333333940e+01 3.075833333333333286e+01
5.307458333333333655e+01 3.082972222222222314e+01
5.312125000000000341e+01 3.104444444444444429e+01
5.324083333333332746e+01 3.110222222222222399e+01
5.327666666666666373e+01 3.113444444444444414e+01
5.328958333333333286e+01 3.109194444444444372e+01
5.330333333333333456e+01 3.135666666666666558e+01
5.330750000000000455e+01 3.133472222222222214e+01
5.330958333333333599e+01 3.111944444444444358e+01
5.331833333333333513e+01 3.111444444444444457e+01
5.331916666666666060e+01 3.113194444444444287e+01
5.332416666666667027e+01 3.115861111111111015e+01
5.333458333333333456e+01 3.112249999999999872e+01
5.336333333333333684e+01 3.111944444444444358e+01
5.542083333333332718e+01 3.180111111111111200e+01
5.548208333333333542e+01 3.180305555555555586e+01
5.549416666666666487e+01 3.180583333333333229e+01
5.550874999999999915e+01 3.180055555555555458e+01
5.573333333333333428e+01 3.194555555555555415e+01
5.587249999999999517e+01 3.187194444444444485e+01
5.589999999999999858e+01 3.183583333333333343e+01
5.593791666666666629e+01 3.206611111111111256e+01
5.596208333333333229e+01 3.205666666666666487e+01
5.596249999999999858e+01 3.205222222222221973e+01
5.598541666666666572e+01 3.201444444444444315e+01
5.598666666666666458e+01 3.205111111111111200e+01
5.598833333333332973e+01 3.201305555555555316e+01
5.599083333333333456e+01 3.205333333333333456e+01
5.599749999999999517e+01 3.200972222222222285e+01
5.600999999999999801e+01 3.203444444444444628e+01
5.601083333333333059e+01 3.203305555555555628e+01
5.603833333333333400e+01 3.204361111111111171e+01
5.605375000000000085e+01 3.202638888888888857e+01
5.608875000000000455e+01 3.199222222222222101e+01
5.610333333333333172e+01 3.222999999999999687e+01
5.612624999999999886e+01 3.219305555555555287e+01
5.614708333333333456e+01 3.247694444444444173e+01
5.618041666666666600e+01 3.202527777777778084e+01
5.618291666666666373e+01 3.202666666666666373e+01
5.630749999999999744e+01 3.220277777777777573e+01
5.677250000000000085e+01 3.271888888888889113e+01
5.692291666666666572e+01 3.286222222222222200e+01
2.770633333333333326e+02 4.527777777777777790e-02
2.771741666666666788e+02 5.583333333333333204e-02
2.771833333333333371e+02 8.936111111111111338e-01
2.771862499999999727e+02 8.569444444444443976e-01
2.771870833333333621e+02 8.674999999999999378e-01
2.772133333333333098e+02 3.241666666666666585e-01
2.772195833333333326e+02 4.794444444444444509e-01
2.772249999999999659e+02 4.916666666666666408e-01
2.772283333333333530e+02 4.977777777777777635e-01
2.772287499999999909e+02 3.088888888888889350e-01
2.772320833333333781e+02 4.955555555555555824e-01
2.772358333333333462e+02 5.022222222222222365e-01
2.772587499999999636e+02 5.222222222222222543e-01
2.772679166666666788e+02 5.566666666666666430e-01
2.772758333333333098e+02 5.119444444444444242e-01
2.772779166666666697e+02 5.094444444444444775e-01
2.772874999999999659e+02 5.244444444444443798e-01
2.772874999999999659e+02 5.255555555555555536e-01
2.773170833333333576e+02 3.061111111111111116e-01
2.773637499999999818e+02 6.469444444444445441e-01
2.773829166666666310e+02 1.311666666666666536e+00
2.774174999999999613e+02 2.536111111111111205e-01
2.774458333333333258e+02 1.273888888888888848e+00
2.774504166666666833e+02 1.278888888888888964e+00
2.774545833333333462e+02 1.271944444444444322e+00
2.774549999999999841e+02 1.275277777777777732e+00
2.774562500000000114e+02 1.285000000000000142e+00
2.774566666666666492e+02 1.255833333333333357e+00
2.774566666666666492e+02 1.248888888888888937e+00
2.774629166666666151e+02 1.277777777777777679e+00
2.774666666666666401e+02 6.119444444444445130e-01
2.774674999999999727e+02 1.263055555555555598e+00
2.774674999999999727e+02 1.266388888888888786e+00
2.774687500000000000e+02 6.030555555555554559e-01
2.774700000000000273e+02 1.248888888888888937e+00
2.774858333333333462e+02 1.210833333333333428e+00
2.774866666666666788e+02 1.246111111111111169e+00
2.774895833333333144e+02 1.216666666666666785e+00
2.774900000000000091e+02 1.217777777777777848e+00
2.774904166666666470e+02 1.234722222222222276e+00
2.774908333333332848e+02 1.214166666666666616e+00
2.774945833333333098e+02 1.240555555555555634e+00
2.774958333333333371e+02 1.206944444444444375e+00
2.774966666666666697e+02 1.233611111111111214e+00
2.774970833333333076e+02 1.178055555555555634e+00
2.774979166666666970e+02 1.199722222222222134e+00
2.774995833333333621e+02 1.219722222222222152e+00
2.775029166666666924e+02 1.216944444444444384e+00
2.775045833333333576e+02 1.223333333333333384e+00
2.775083333333333258e+02 1.233055555555555571e+00
2.775112500000000182e+02 1.207777777777777839e+00
2.775216666666666470e+02 6.844444444444445219e-01
