8.567499999999999716e+01 -1.041916666666666735e+01
8.555416666666666003e+01 -1.009277777777777807e+01
8.563750000000000284e+01 -1.002194444444444521e+01
8.563750000000000284e+01 -1.002027777777777828e+01
8.559583333333333144e+01 -1.001583333333333314e+01
8.563750000000000284e+01 -1.001444444444444493e+01
8.558333333333334281e+01 -1.000555555555555642e+01
8.557916666666666572e+01 -1.000194444444444386e+01
8.557083333333333997e+01 -9.996388888888889213e+00
8.557083333333333997e+01 -9.994722222222222285e+00
8.574166666666667425e+01 -9.921388888888888147e+00
8.573333333333333428e+01 -9.847500000000000142e+00
8.569999999999998863e+01 -9.794999999999999929e+00
8.562083333333332291e+01 -9.792222222222221717e+00
8.570416666666667993e+01 -9.759444444444444144e+00
8.512083333333333712e+01 -9.468611111111110645e+00
8.550000000000000000e+01 -9.420833333333332504e+00
8.572916666666667140e+01 -9.225277777777778354e+00
8.521249999999999147e+01 -9.106388888888888644e+00
8.529583333333333428e+01 -8.958333333333333925e+00
8.529583333333333428e+01 -8.950833333333333641e+00
8.565833333333333144e+01 -8.838333333333332931e+00
8.575833333333333997e+01 -8.796944444444443789e+00
8.510416666666665719e+01 -8.780833333333333712e+00
8.579166666666665719e+01 -8.768611111111111356e+00
8.577916666666665435e+01 -8.741944444444444073e+00
8.537083333333332291e+01 -8.717777777777778070e+00
8.537083333333332291e+01 -8.712777777777777288e+00
8.537500000000000000e+01 -8.672777777777778141e+00
8.537500000000000000e+01 -8.671388888888888147e+00
8.538333333333332575e+01 -8.669166666666667354e+00
8.537500000000000000e+01 -8.669166666666667354e+00
8.569999999999998863e+01 -8.668888888888888644e+00
8.574166666666667425e+01 -8.634722222222222854e+00
8.538333333333332575e+01 -8.631944444444444642e+00
8.574166666666667425e+01 -8.628611111111110787e+00
8.569583333333333997e+01 -8.609999999999999432e+00
8.539166666666666572e+01 -8.590833333333334210e+00
8.572916666666667140e+01 -8.546666666666666856e+00
8.578749999999999432e+01 -8.490833333333332789e+00
8.569583333333333997e+01 -8.285277777777777075e+00
8.569999999999998863e+01 -8.276111111111111640e+00
8.508333333333334281e+01 -8.231944444444444287e+00
8.569583333333333997e+01 -8.168888888888888644e+00
8.519583333333332575e+01 -8.163055555555555287e+00
8.562500000000000000e+01 -8.151388888888888573e+00
8.539583333333332860e+01 -8.139444444444444926e+00
8.519999999999998863e+01 -8.115833333333332789e+00
8.525416666666667709e+01 -8.112222222222222001e+00
8.518750000000000000e+01 -8.111666666666666359e+00
8.520416666666666572e+01 -8.102222222222222214e+00
8.525416666666667709e+01 -8.100277777777778354e+00
8.535416666666667140e+01 -8.098333333333332718e+00
8.521666666666666856e+01 -8.096666666666665790e+00
8.522499999999999432e+01 -8.086944444444444713e+00
8.537500000000000000e+01 -8.061388888888888715e+00
8.536666666666666003e+01 -8.056944444444443576e+00
8.535833333333332007e+01 -8.053333333333332789e+00
8.545416666666666572e+01 -8.023888888888889070e+00
8.546666666666666856e+01 -8.022777777777777786e+00
8.535416666666667140e+01 -8.020833333333333925e+00
8.535833333333332007e+01 -8.017222222222221362e+00
8.536250000000001137e+01 -8.015000000000000568e+00
8.515833333333333144e+01 -8.009999999999999787e+00
8.524583333333333712e+01 -8.003888888888889497e+00
8.534166666666666856e+01 -7.982222222222222108e+00
8.534166666666666856e+01 -7.967500000000000249e+00
8.535833333333332007e+01 -7.947499999999999787e+00
8.508333333333334281e+01 -7.939999999999999503e+00
8.532916666666666572e+01 -7.929444444444444073e+00
8.532500000000000284e+01 -7.924722222222222001e+00
8.535416666666667140e+01 -7.921944444444444677e+00
8.534999999999999432e+01 -7.918611111111110823e+00
8.508333333333334281e+01 -7.916388888888889142e+00
8.516666666666667140e+01 -7.910833333333333606e+00
8.534999999999999432e+01 -7.902222222222222037e+00
8.536666666666666003e+01 -7.897499999999999964e+00
8.534583333333333144e+01 -7.896111111111110858e+00
8.534583333333333144e+01 -7.894999999999999574e+00
8.533333333333334281e+01 -7.886111111111111072e+00
8.508333333333334281e+01 -7.853888888888889142e+00
8.532916666666666572e+01 -7.844722222222221930e+00
8.517916666666667425e+01 -7.825000000000000178e+00
8.515000000000000568e+01 -7.818611111111111178e+00
8.505833333333333712e+01 -7.813333333333333464e+00
8.507083333333333997e+01 -7.807222222222222285e+00
8.517500000000001137e+01 -7.750277777777777821e+00
8.510000000000000853e+01 -7.718888888888889355e+00
8.510833333333333428e+01 -7.625555555555555642e+00
8.499166666666667425e+01 -7.519999999999999574e+00
8.497916666666667140e+01 -7.507777777777778105e+00
8.498333333333333428e+01 -7.506666666666666821e+00
8.498333333333333428e+01 -7.501666666666666927e+00
8.498749999999999716e+01 -7.492499999999999716e+00
8.502083333333334281e+01 -7.492222222222221895e+00
8.498749999999999716e+01 -7.482499999999999929e+00
8.511249999999999716e+01 -7.458055555555555216e+00
8.503333333333333144e+01 -7.457499999999999574e+00
8.482916666666666572e+01 -7.438333333333333464e+00
8.489166666666666572e+01 -7.436388888888888715e+00
8.482916666666666572e+01 -7.436388888888888715e+00
8.498333333333333428e+01 -7.430833333333333179e+00
8.500416666666667709e+01 -7.427222222222222392e+00
8.498749999999999716e+01 -7.420277777777777750e+00
8.404166666666667140e+01 -7.407777777777777573e+00
8.497916666666667140e+01 -7.405277777777778070e+00
8.497499999999999432e+01 -7.403888888888888964e+00
8.495833333333332860e+01 -7.391666666666666607e+00
8.488750000000000284e+01 -7.382500000000000284e+00
8.471666666666666856e+01 -7.351666666666666572e+00
8.482500000000000284e+01 -7.339722222222222037e+00
8.475000000000000000e+01 -7.339444444444444215e+00
8.493750000000000000e+01 -7.320277777777778105e+00
8.475833333333333997e+01 -7.214444444444444215e+00
8.414166666666666572e+01 -7.186944444444444358e+00
8.468750000000000000e+01 -7.181944444444444464e+00
8.477916666666666856e+01 -7.181111111111111001e+00
8.477083333333332860e+01 -7.177500000000000213e+00
8.479583333333333428e+01 -7.176388888888888928e+00
8.503749999999999432e+01 -7.164722222222222214e+00
8.452916666666666856e+01 -7.141388888888888786e+00
8.449166666666667425e+01 -7.123611111111110894e+00
8.448750000000001137e+01 -7.115555555555555856e+00
8.472083333333333144e+01 -7.042500000000000426e+00
8.457500000000000284e+01 -7.040555555555555678e+00
8.469166666666666288e+01 -7.031388888888888467e+00
8.470416666666666572e+01 -7.021388888888888680e+00
8.467916666666667425e+01 -7.020277777777777395e+00
8.468750000000000000e+01 -7.017222222222222250e+00
8.468750000000000000e+01 -7.016944444444444429e+00
8.468750000000000000e+01 -7.014999999999999680e+00
8.470000000000000284e+01 -7.013611111111111462e+00
8.469166666666666288e+01 -7.013333333333333641e+00
8.469583333333332575e+01 -7.007222222222222463e+00
8.466250000000000853e+01 -6.991666666666667140e+00
8.458333333333334281e+01 -6.984444444444444677e+00
8.434999999999999432e+01 -6.975555555555555287e+00
8.466666666666665719e+01 -6.972500000000000142e+00
8.451249999999998863e+01 -6.970833333333333215e+00
8.363333333333333997e+01 -6.952777777777777501e+00
8.448333333333333428e+01 -6.944166666666666821e+00
8.472916666666667140e+01 -6.938333333333333464e+00
8.371250000000000568e+01 -6.929999999999999716e+00
8.446250000000000568e+01 -6.788888888888888751e+00
8.447083333333333144e+01 -6.787777777777777466e+00
8.410416666666665719e+01 -6.787777777777777466e+00
8.409583333333333144e+01 -6.770555555555555216e+00
8.409166666666666856e+01 -6.768333333333333535e+00
8.407916666666666572e+01 -6.766666666666666607e+00
8.407500000000000284e+01 -6.756111111111111178e+00
8.410416666666665719e+01 -6.744722222222222285e+00
8.407083333333332575e+01 -6.633611111111111569e+00
8.432083333333333997e+01 -6.605000000000000426e+00
8.395833333333332860e+01 -6.581388888888889177e+00
8.356250000000000000e+01 -6.575555555555555820e+00
8.417083333333333428e+01 -6.566666666666666430e+00
8.407916666666666572e+01 -6.485000000000000320e+00
8.386666666666667425e+01 -6.450277777777777999e+00
8.387083333333333712e+01 -6.449444444444444535e+00
8.387500000000000000e+01 -6.442222222222222072e+00
8.394583333333332575e+01 -6.437222222222222179e+00
8.366249999999999432e+01 -6.420555555555555571e+00
8.410833333333333428e+01 -6.418055555555555181e+00
8.410416666666665719e+01 -6.417222222222222605e+00
8.410416666666665719e+01 -6.416111111111111320e+00
8.409999999999999432e+01 -6.415000000000000036e+00
8.409583333333333144e+01 -6.414166666666666572e+00
8.398333333333332007e+01 -6.403055555555555500e+00
8.408749999999999147e+01 -6.391388888888888786e+00
8.395833333333332860e+01 -6.378611111111110787e+00
8.409999999999999432e+01 -6.378055555555555145e+00
8.407083333333332575e+01 -6.374444444444444358e+00
8.407916666666666572e+01 -6.372222222222221788e+00
8.407500000000000284e+01 -6.370277777777777928e+00
8.407916666666666572e+01 -6.370000000000000107e+00
8.407500000000000284e+01 -6.369444444444444464e+00
8.342916666666666003e+01 -6.229444444444444784e+00
8.384166666666666856e+01 -6.218333333333333712e+00
8.407083333333332575e+01 -6.186388888888888715e+00
8.396666666666666856e+01 -6.166944444444444784e+00
8.400000000000000000e+01 -6.120555555555555749e+00
8.388750000000000284e+01 -6.102500000000000036e+00
8.412500000000000000e+01 -6.021388888888888680e+00
8.413333333333333997e+01 -6.021111111111110858e+00
8.378749999999999432e+01 -5.974166666666667069e+00
8.380416666666667425e+01 -5.966111111111111143e+00
8.378333333333333144e+01 -5.931666666666666643e+00
8.384999999999999432e+01 -5.925833333333333286e+00
8.407916666666666572e+01 -5.924999999999999822e+00
8.375000000000000000e+01 -5.923611111111110716e+00
8.407916666666666572e+01 -5.923611111111110716e+00
8.377916666666666856e+01 -5.868055555555555358e+00
8.377083333333332860e+01 -5.865000000000000213e+00
8.385416666666667140e+01 -5.856111111111110823e+00
8.337500000000000000e+01 -5.844722222222221930e+00
8.375000000000000000e+01 -5.817222222222222072e+00
8.356666666666667709e+01 -5.793888888888888644e+00
8.384583333333333144e+01 -5.768333333333333535e+00
8.369166666666666288e+01 -5.747222222222221788e+00
8.384166666666666856e+01 -5.741388888888888431e+00
8.408749999999999147e+01 -5.699444444444444535e+00
8.369583333333333997e+01 -5.698611111111111072e+00
8.377916666666666856e+01 -5.698333333333333250e+00
8.370416666666666572e+01 -5.695000000000000284e+00
8.368333333333333712e+01 -5.690277777777778212e+00
8.352916666666666856e+01 -5.677777777777778034e+00
8.382083333333333997e+01 -5.673888888888888538e+00
8.364583333333334281e+01 -5.666388888888889142e+00
8.383749999999999147e+01 -5.632500000000000284e+00
8.360833333333333428e+01 -5.627777777777778212e+00
8.322500000000000853e+01 -5.620555555555555749e+00
8.376666666666666572e+01 -5.620000000000000107e+00
8.378333333333333144e+01 -5.599722222222222712e+00
8.317499999999999716e+01 -5.598611111111111427e+00
8.362083333333333712e+01 -5.594999999999999751e+00
8.377083333333332860e+01 -5.594444444444444109e+00
8.376666666666666572e+01 -5.587222222222222534e+00
8.376250000000000284e+01 -5.587222222222222534e+00
8.379166666666667140e+01 -5.584999999999999964e+00
8.409999999999999432e+01 -5.580833333333333535e+00
8.320833333333334281e+01 -5.578333333333333144e+00
8.320000000000000284e+01 -5.578055555555555323e+00
8.392916666666666003e+01 -5.561388888888888715e+00
8.377500000000000568e+01 -5.559722222222221788e+00
8.382916666666667993e+01 -5.550277777777777644e+00
8.343750000000000000e+01 -5.549444444444444180e+00
8.377500000000000568e+01 -5.547500000000000320e+00
8.370000000000000284e+01 -5.529166666666666785e+00
8.366666666666665719e+01 -5.528888888888888964e+00
8.408749999999999147e+01 -5.520555555555555216e+00
8.416666666666665719e+01 -5.520277777777777395e+00
8.381666666666666288e+01 -5.492222222222221895e+00
8.382499999999998863e+01 -5.473333333333333606e+00
8.381250000000000000e+01 -5.460277777777777786e+00
8.368750000000000000e+01 -5.448611111111111072e+00
8.382916666666667993e+01 -5.428333333333333677e+00
8.375416666666666288e+01 -5.419999999999999929e+00
8.384583333333333144e+01 -5.419166666666666465e+00
8.351666666666666572e+01 -5.412499999999999645e+00
8.379583333333333428e+01 -5.410555555555555785e+00
8.379999999999999716e+01 -5.409166666666666679e+00
8.380416666666667425e+01 -5.407222222222221930e+00
8.379166666666667140e+01 -5.404444444444444606e+00
8.375000000000000000e+01 -5.402499999999999858e+00
8.375833333333332575e+01 -5.398888888888889070e+00
8.380833333333333712e+01 -5.397222222222222143e+00
8.382916666666667993e+01 -5.396944444444444322e+00
8.380416666666667425e+01 -5.394444444444444819e+00
8.348750000000001137e+01 -5.391666666666666607e+00
8.380416666666667425e+01 -5.391388888888888786e+00
8.358333333333332860e+01 -5.389722222222221859e+00
8.379166666666667140e+01 -5.387500000000000178e+00
8.382499999999998863e+01 -5.387222222222222356e+00
8.401666666666666572e+01 -5.384722222222221966e+00
8.377500000000000568e+01 -5.378888888888888609e+00
8.376666666666666572e+01 -5.375555555555555642e+00
8.380416666666667425e+01 -5.366388888888889319e+00
8.388333333333333997e+01 -5.354722222222222605e+00
8.380833333333333712e+01 -5.349999999999999645e+00
8.379583333333333428e+01 -5.349999999999999645e+00
8.382083333333333997e+01 -5.348055555555555785e+00
8.348333333333332007e+01 -5.344444444444444109e+00
8.380416666666667425e+01 -5.331666666666666998e+00
8.378749999999999432e+01 -5.328333333333333144e+00
8.381250000000000000e+01 -5.326111111111111462e+00
8.383333333333332860e+01 -5.323888888888888893e+00
8.372500000000000853e+01 -5.321666666666666323e+00
8.379583333333333428e+01 -5.320000000000000284e+00
8.378749999999999432e+01 -5.316111111111110787e+00
8.384166666666666856e+01 -5.315833333333332966e+00
8.381666666666666288e+01 -5.312500000000000000e+00
8.379999999999999716e+01 -5.311111111111110894e+00
8.382083333333333997e+01 -5.303611111111111498e+00
8.382916666666667993e+01 -5.296111111111111214e+00
8.382916666666667993e+01 -5.258888888888888502e+00
8.382916666666667993e+01 -5.252222222222222570e+00
8.393750000000000000e+01 -5.231944444444444287e+00
8.383333333333332860e+01 -5.223055555555555785e+00
8.383333333333332860e+01 -5.220833333333333215e+00
8.384583333333333144e+01 -5.200833333333333641e+00
8.335416666666667140e+01 -5.200555555555555820e+00
8.377500000000000568e+01 -5.197222222222221966e+00
8.384999999999999432e+01 -5.191388888888888609e+00
8.384999999999999432e+01 -5.174999999999999822e+00
8.385833333333333428e+01 -5.171388888888889035e+00
8.386249999999999716e+01 -5.168888888888888644e+00
8.384999999999999432e+01 -5.166944444444444784e+00
8.386249999999999716e+01 -5.166666666666666963e+00
8.386249999999999716e+01 -5.165000000000000036e+00
8.383749999999999147e+01 -5.160555555555555785e+00
8.386249999999999716e+01 -5.159166666666666679e+00
8.385833333333333428e+01 -5.156666666666666288e+00
8.384166666666666856e+01 -5.142777777777777892e+00
8.384999999999999432e+01 -5.141666666666666607e+00
8.385416666666667140e+01 -5.139999999999999680e+00
8.385416666666667140e+01 -5.132500000000000284e+00
8.385416666666667140e+01 -5.114444444444444571e+00
8.384999999999999432e+01 -5.105833333333333002e+00
8.385833333333333428e+01 -5.102777777777777857e+00
8.385833333333333428e+01 -5.096388888888888857e+00
8.387916666666666288e+01 -5.096388888888888857e+00
8.385416666666667140e+01 -5.095277777777777573e+00
8.385416666666667140e+01 -5.085833333333333428e+00
8.386249999999999716e+01 -5.082777777777777395e+00
8.382916666666667993e+01 -5.081666666666666998e+00
8.397916666666667140e+01 -5.076944444444444038e+00
8.385833333333333428e+01 -5.068333333333333357e+00
8.385833333333333428e+01 -5.065277777777778212e+00
8.386666666666667425e+01 -5.061111111111110894e+00
8.384583333333333144e+01 -5.027777777777777679e+00
8.384583333333333144e+01 -5.024444444444444713e+00
8.384166666666666856e+01 -5.020555555555555216e+00
8.382916666666667993e+01 -5.017222222222222250e+00
8.389166666666666572e+01 -5.014444444444444038e+00
8.382499999999998863e+01 -5.013888888888889284e+00
8.382499999999998863e+01 -5.009166666666666323e+00
8.381250000000000000e+01 -5.002222222222222570e+00
8.381666666666666288e+01 -5.000555555555555642e+00
8.389166666666666572e+01 -4.997777777777777430e+00
8.387083333333333712e+01 -4.997500000000000497e+00
8.387083333333333712e+01 -4.980000000000000426e+00
8.362083333333333712e+01 -4.924999999999999822e+00
8.378333333333333144e+01 -4.902499999999999858e+00
8.364583333333334281e+01 -4.871388888888889213e+00
8.377500000000000568e+01 -4.833611111111110858e+00
8.388333333333333997e+01 -4.780000000000000249e+00
8.392499999999999716e+01 -4.715833333333333321e+00
8.384583333333333144e+01 -4.669444444444444287e+00
8.412500000000000000e+01 -4.537777777777777466e+00
8.521249999999999147e+01 -2.446666666666666767e+00
8.536666666666666003e+01 -2.388611111111111018e+00
8.535833333333332007e+01 -2.305555555555555358e+00
8.532083333333333997e+01 -2.301944444444444571e+00
8.534583333333333144e+01 -2.293055555555555625e+00
8.540416666666666856e+01 -2.288055555555555731e+00
8.543333333333333712e+01 -2.268611111111111356e+00
8.534999999999999432e+01 -2.268333333333333535e+00
8.543333333333333712e+01 -2.268333333333333535e+00
8.543333333333333712e+01 -2.265277777777777946e+00
8.509166666666666856e+01 -2.260833333333333250e+00
8.550833333333333997e+01 -2.129166666666666874e+00
8.545416666666666572e+01 -1.996388888888888768e+00
8.537083333333332291e+01 -1.986944444444444624e+00
8.546666666666666856e+01 -1.975555555555555509e+00
8.529999999999999716e+01 -1.965555555555555500e+00
8.544166666666667709e+01 -1.948055555555555429e+00
8.546666666666666856e+01 -1.941388888888889053e+00
8.543750000000000000e+01 -1.940555555555555589e+00
8.544166666666667709e+01 -1.931666666666666643e+00
8.543333333333333712e+01 -1.922222222222222276e+00
8.543750000000000000e+01 -1.916944444444444340e+00
8.543750000000000000e+01 -1.913055555555555509e+00
8.543333333333333712e+01 -1.912500000000000089e+00
8.542083333333333428e+01 -1.911111111111110983e+00
8.542083333333333428e+01 -1.910833333333333162e+00
8.534999999999999432e+01 -1.908888888888888857e+00
8.538333333333332575e+01 -1.905277777777777848e+00
8.542916666666667425e+01 -1.903333333333333321e+00
8.543333333333333712e+01 -1.901111111111111196e+00
8.542916666666667425e+01 -1.897499999999999964e+00
8.539583333333332860e+01 -1.896666666666666501e+00
8.543333333333333712e+01 -1.893611111111111134e+00
8.542916666666667425e+01 -1.890277777777777724e+00
8.541250000000000853e+01 -1.868611111111111001e+00
8.543750000000000000e+01 -1.865555555555555411e+00
8.576250000000000284e+01 -1.801111111111111107e+00
8.530416666666666003e+01 -1.784166666666666679e+00
8.580416666666666003e+01 -1.719444444444444553e+00
8.561249999999999716e+01 -1.333611111111111081e+00
8.576250000000000284e+01 -1.274444444444444491e+00
8.577083333333334281e+01 -1.265000000000000124e+00
8.525000000000000000e+01 -1.152777777777777679e+00
8.594166666666667709e+01 -1.078888888888888786e+00
8.664999999999999147e+01 3.413888888888889084e-01
8.651250000000000284e+01 2.469444444444444386e-01
8.651666666666666572e+01 2.377777777777777823e-01
8.652916666666666856e+01 2.230555555555555347e-01
8.653333333333333144e+01 1.772222222222222254e-01
8.653333333333333144e+01 1.672222222222222165e-01
8.652916666666666856e+01 1.666666666666666574e-01
8.653333333333333144e+01 1.655555555555555669e-01
8.655416666666667425e+01 1.486111111111111105e-01
8.655416666666667425e+01 1.372222222222222177e-01
8.655416666666667425e+01 1.011111111111111099e-01
8.655833333333332291e+01 9.055555555555555580e-02
8.663749999999998863e+01 5.555555555555555551e-04
8.669166666666666288e+01 4.444444444444444441e-03
8.669583333333333997e+01 6.944444444444444926e-03
8.669583333333333997e+01 7.500000000000000590e-03
8.665416666666666856e+01 9.444444444444444545e-03
8.667916666666667425e+01 1.444444444444444552e-02
8.666249999999999432e+01 2.055555555555555608e-02
8.669583333333333997e+01 2.833333333333333190e-02
8.666249999999999432e+01 7.111111111111111105e-02
8.960000000000000853e+01 1.194444444444444503e-01
8.661249999999999716e+01 1.474999999999999922e-01
8.682500000000000284e+01 2.975000000000000422e-01
8.675416666666666288e+01 2.994444444444444020e-01
8.671250000000000568e+01 3.297222222222222499e-01
8.661666666666667425e+01 3.302777777777777812e-01
8.689999999999999147e+01 3.350000000000000200e-01
8.687916666666667709e+01 3.388888888888888506e-01
8.688333333333332575e+01 3.391666666666666718e-01
8.682083333333332575e+01 3.480555555555555625e-01
8.684166666666666856e+01 3.494444444444443909e-01
8.679166666666667140e+01 3.538888888888889195e-01
8.670000000000000284e+01 3.577777777777777501e-01
8.676666666666666572e+01 3.616666666666666363e-01
8.676250000000000284e+01 3.694444444444444642e-01
8.677083333333332860e+01 3.772222222222222365e-01
8.667499999999999716e+01 3.836111111111110694e-01
8.672916666666665719e+01 3.927777777777777812e-01
8.673749999999999716e+01 3.972222222222221988e-01
8.647083333333333144e+01 4.241666666666666363e-01
8.675416666666666288e+01 4.391666666666667052e-01
8.675000000000000000e+01 4.394444444444444708e-01
8.698749999999999716e+01 5.908333333333334325e-01
8.699583333333333712e+01 5.922222222222222054e-01
8.684999999999999432e+01 6.263888888888888840e-01
8.690833333333333144e+01 6.433333333333333126e-01
8.692499999999999716e+01 6.824999999999999956e-01
8.854999999999999716e+01 1.709722222222222143e+00
8.853749999999999432e+01 1.714444444444444438e+00
8.873333333333333428e+01 1.715555555555555500e+00
8.872083333333333144e+01 1.785833333333333162e+00
8.863333333333332575e+01 1.801944444444444571e+00
8.857500000000000284e+01 1.817499999999999893e+00
8.858333333333334281e+01 1.845000000000000195e+00
