	N(H2)     Frac NH3   mean nH2 = 1667.8362
      20.5000      0.00000
      20.6042      0.00000
      20.7083      0.00000
      20.8125      0.00000
      20.9167      0.00000
      21.0208      0.00000
      21.1250    0.0476190
      21.2292   0.00796813
      21.3333   0.00471698
      21.4375    0.0236842
      21.5417    0.0696379
      21.6458     0.204301
      21.7500     0.418052
      21.8542     0.425056
      21.9583     0.706870
      22.0625     0.927593
      22.1667      1.00000
      22.2708      1.00000
      22.3750      1.00000
      22.4792      1.00000
      22.5833      1.00000
      22.6875      1.00000
      22.7917      1.00000
      22.8958      1.00000
      23.0000      1.00000
