	N(H2)     Frac NH3	 mean nH2 = 898.74457
      20.5000      0.00000
      20.6042      0.00000
      20.7083      0.00000
      20.8125   0.00300752
      20.9167   0.00193986
      21.0208   0.00241838
      21.1250   0.00323724
      21.2292   0.00313433
      21.3333   0.00434783
      21.4375    0.0246654
      21.5417    0.0797101
      21.6458     0.171631
      21.7500     0.264847
      21.8542     0.414539
      21.9583     0.639620
      22.0625     0.868214
      22.1667     0.987261
      22.2708      1.00000
      22.3750      1.00000
      22.4792      1.00000
      22.5833      1.00000
      22.6875      1.00000
      22.7917      1.00000
      22.8958      1.00000
      23.0000      1.00000
