      N(H2)     Frac NH3      mean nH2 = 831.66033
      20.5000      0.00000
      20.6042      0.00000
      20.7083    0.0112360
      20.8125   0.00531915
      20.9167   0.00404858
      21.0208   0.00200000
      21.1250   0.00426621
      21.2292   0.00376176
      21.3333   0.00497063
      21.4375   0.00921409
      21.5417    0.0367097
      21.6458     0.116872
      21.7500     0.213731
      21.8542     0.418076
      21.9583     0.709992
      22.0625     0.919192
      22.1667     0.988920
      22.2708      1.00000
      22.3750      1.00000
      22.4792      1.00000
      22.5833      1.00000
      22.6875      1.00000
      22.7917      1.00000
      22.8958      1.00000
      23.0000      1.00000
